16.000000
15.786669
15.574770
15.364302
15.155267
14.947663
14.741491
14.536750
14.333441
14.131565
13.931119
13.732106
13.534524
13.338374
13.143656
12.950370
12.758515
12.568092
12.379101
12.191541
12.005414
11.820718
11.637454
11.455621
11.275221
11.096252
10.918715
10.742609
10.567935
10.394694
10.222883
10.052505
9.883558
9.716043
9.549960
9.385309
9.222089
9.060301
8.899945
8.741021
8.583528
8.427467
8.272838
8.119641
7.967875
7.817541
7.668639
7.521169
7.375130
7.230523
7.087348
6.945605
6.805293
6.666413
6.528965
6.392949
6.258364
6.125211
5.993490
5.863201
5.734343
5.606917
5.480923
5.356361
5.233230
5.111531
4.991264
4.872429
4.755025
4.639053
4.524513
4.411405
4.299728
4.189483
4.080670
3.973289
3.867339
3.762821
3.659735
3.558081
3.457858
3.359068
3.261708
3.165781
3.071286
2.978222
2.886590
2.796389
2.707621
2.620284
2.534379
2.449905
2.366864
2.285254
2.205076
2.126330
2.049015
1.973132
1.898681
1.825662
1.754074
1.683919
1.615194
1.547902
1.482042
1.417613
1.354616
1.293050
1.232917
1.174215
1.116945
1.061107
1.006700
0.953725
0.902182
0.852071
0.803391
0.756144
0.710328
0.665943
0.622991
0.581470
0.541381
0.502724
0.465498
0.429704
0.395342
0.362412
0.330914
0.300847
0.272212
0.245008
0.219237
0.194897
0.171989
0.150513
0.130468
0.111856
0.094675
0.078925
0.064608
0.051722
0.040268
0.030246
0.021655
0.014496
0.008769
0.004474
0.001611
0.000179
0.000179
0.001611
0.004474
0.008769
0.014496
0.021655
0.030246
0.040268
0.051722
0.064608
0.078925
0.094675
0.111856
0.130468
0.150513
0.171989
0.194897
0.219237
0.245008
0.272212
0.300847
0.330914
0.362412
0.395342
0.429704
0.465498
0.502724
0.541381
0.581470
0.622991
0.665943
0.710328
0.756144
0.803391
0.852071
0.902182
0.953725
1.006700
1.061107
1.116945
1.174215
1.232917
1.293050
1.354616
1.417613
1.482042
1.547902
1.615194
1.683919
1.754074
1.825662
1.898681
1.973132
2.049015
2.126330
2.205076
2.285254
2.366864
2.449905
2.534379
2.620284
2.707621
2.796389
2.886590
2.978222
3.071286
3.165781
3.261708
3.359068
3.457858
3.558081
3.659735
3.762821
3.867339
3.973289
4.080670
4.189483
4.299728
4.411405
4.524513
4.639053
4.755025
4.872429
4.991264
5.111531
5.233230
5.356361
5.480923
5.606917
5.734343
5.863201
5.993490
6.125211
6.258364
6.392949
6.528965
6.666413
6.805293
6.945605
7.087348
7.230523
7.375130
7.521169
7.668639
7.817541
7.967875
8.119641
8.272838
8.427467
8.583528
8.741021
8.899945
9.060301
9.222089
9.385309
9.549960
9.716043
9.883558
10.052505
10.222883
10.394694
10.567935
10.742609
10.918715
11.096252
11.275221
11.455621
11.637454
11.820718
12.005414
12.191541
12.379101
12.568092
12.758515
12.950370
13.143656
13.338374
13.534524
13.732106
13.931119
14.131565
14.333441
14.536750
14.741491
14.947663
15.155267
15.364302
15.574770
15.786669
16.000000
