-4.000000
-3.973244
-3.946488
-3.919732
-3.892977
-3.866221
-3.839465
-3.812709
-3.785953
-3.759197
-3.732441
-3.705686
-3.678930
-3.652174
-3.625418
-3.598662
-3.571906
-3.545151
-3.518395
-3.491639
-3.464883
-3.438127
-3.411371
-3.384615
-3.357860
-3.331104
-3.304348
-3.277592
-3.250836
-3.224080
-3.197324
-3.170569
-3.143813
-3.117057
-3.090301
-3.063545
-3.036789
-3.010033
-2.983278
-2.956522
-2.929766
-2.903010
-2.876254
-2.849498
-2.822742
-2.795987
-2.769231
-2.742475
-2.715719
-2.688963
-2.662207
-2.635452
-2.608696
-2.581940
-2.555184
-2.528428
-2.501672
-2.474916
-2.448161
-2.421405
-2.394649
-2.367893
-2.341137
-2.314381
-2.287625
-2.260870
-2.234114
-2.207358
-2.180602
-2.153846
-2.127090
-2.100334
-2.073579
-2.046823
-2.020067
-1.993311
-1.966555
-1.939799
-1.913043
-1.886288
-1.859532
-1.832776
-1.806020
-1.779264
-1.752508
-1.725753
-1.698997
-1.672241
-1.645485
-1.618729
-1.591973
-1.565217
-1.538462
-1.511706
-1.484950
-1.458194
-1.431438
-1.404682
-1.377926
-1.351171
-1.324415
-1.297659
-1.270903
-1.244147
-1.217391
-1.190635
-1.163880
-1.137124
-1.110368
-1.083612
-1.056856
-1.030100
-1.003344
-0.976589
-0.949833
-0.923077
-0.896321
-0.869565
-0.842809
-0.816054
-0.789298
-0.762542
-0.735786
-0.709030
-0.682274
-0.655518
-0.628763
-0.602007
-0.575251
-0.548495
-0.521739
-0.494983
-0.468227
-0.441472
-0.414716
-0.387960
-0.361204
-0.334448
-0.307692
-0.280936
-0.254181
-0.227425
-0.200669
-0.173913
-0.147157
-0.120401
-0.093645
-0.066890
-0.040134
-0.013378
0.013378
0.040134
0.066890
0.093645
0.120401
0.147157
0.173913
0.200669
0.227425
0.254181
0.280936
0.307692
0.334448
0.361204
0.387960
0.414716
0.441472
0.468227
0.494983
0.521739
0.548495
0.575251
0.602007
0.628763
0.655518
0.682274
0.709030
0.735786
0.762542
0.789298
0.816054
0.842809
0.869565
0.896321
0.923077
0.949833
0.976589
1.003344
1.030100
1.056856
1.083612
1.110368
1.137124
1.163880
1.190635
1.217391
1.244147
1.270903
1.297659
1.324415
1.351171
1.377926
1.404682
1.431438
1.458194
1.484950
1.511706
1.538462
1.565217
1.591973
1.618729
1.645485
1.672241
1.698997
1.725753
1.752508
1.779264
1.806020
1.832776
1.859532
1.886288
1.913043
1.939799
1.966555
1.993311
2.020067
2.046823
2.073579
2.100334
2.127090
2.153846
2.180602
2.207358
2.234114
2.260870
2.287625
2.314381
2.341137
2.367893
2.394649
2.421405
2.448161
2.474916
2.501672
2.528428
2.555184
2.581940
2.608696
2.635452
2.662207
2.688963
2.715719
2.742475
2.769231
2.795987
2.822742
2.849498
2.876254
2.903010
2.929766
2.956522
2.983278
3.010033
3.036789
3.063545
3.090301
3.117057
3.143813
3.170569
3.197324
3.224080
3.250836
3.277592
3.304348
3.331104
3.357860
3.384615
3.411371
3.438127
3.464883
3.491639
3.518395
3.545151
3.571906
3.598662
3.625418
3.652174
3.678930
3.705686
3.732441
3.759197
3.785953
3.812709
3.839465
3.866221
3.892977
3.919732
3.946488
3.973244
4.000000
